19970
19465
18954
13911
18965
13913
20000
20001
20002
38
39
40
41
42
43
44
45
560
561
563
564
6713
5198
5199
5200
5201
5202
5203
5204
5205
5206
5207
5208
5209
5210
5211
5212
5213
5214
5215
5216
5217
5218
3178
3179
19841
145
1173
1174
1175
1176
1177
1178
1179
1180
1181
2719
2720
19824
2722
2723
2725
2726
11121
2728
2729
18913
18612
17780
5313
1732
1734
5328
1240
13026
1254
13036
13041
18676
18677
18678
18679
18680
1273
1274
1275
298
256
262
18306
274
18307
280
18308
286
18309
19746
292
16681
16682
1837
15694
15696
15697
15698
5160
19815
19816
19817
19818
19819
19820
19821
19822
19823
19825
19826
19827
19828
19829
19830
19831
19832
19833
19834
19835
19836
18302
18303
19847
2715
2716
2717
10674
15689
244
13245
15691
6086
15692
13047
15693
464
1272
15695
250
18912
18914
1002
1003
18930
18931
18933
13909
19971
1006
19466
19467
10772
10773
10774
6168
19290
33
34
35
5161
19500
19501
19502
19503
20019
20020
19806
54
56
60
19519
19520
4534
74
9618
17837
6234
17715
10085
5219
5220
5221
5222
5223
5224
5225
5226
5227
5228
5229
5230
5231
5232
2673
2674
5235
5236
5237
12918
5239
2682
12923
5238
19477
7299
13249
11885
1168
1171
1172
149
17838
153
17801
156
1221
7024
1222
5233
5234
1713
17771
8430
11969
11971
1220
11973
3782
1223
13514
8397
8398
8399
8400
8401
8402
8403
17807
1243
8412
1245
8414
8416
8417
8418
13027
13028
13029
13030
1255
1256
1257
1259
8428
13037
1262
13039
8432
8433
8434
8435
13044
13045
9462
9464
9465
9466
9467
9468
9469
9470
9471
9472
9473
1219
8968
8969
8970
8971
14617
19803
5840
19845
8415
8413
18150
10086
5430
1929
1247
16701
9024
11079
8520
7499
7500
19794
8419
13652
19797
19798
19799
19800
19801
19802
19855
19804
19805
15198
19807
19808
19809
19810
19811
19812
19813
19814
17809
17811
1731
7025
7026
7027
7028
19838
19839
13038
19842
19843
19844
5509
5510
17799
17800
1260
17802
17803
17804
17805
17806
8429
17808
19857
17810
19859
17812
17813
17814
17815
17816
17817
17818
8431
17820
17821
17822
17823
17824
17825
17826
17819
17828
17829
17830
9639
17832
17833
17834
17835
17836
5037
17839
8114
13043
8116
8117
8118
8119
8121
16315
13040
961
6087
458
13260
5583
17827
13277
13042
6625
6626
12922
19708
17831
19795
19444
19796
8115
19970
19465
18954
13911
18965
13913
20000
20001
20002
38
39
40
41
42
43
44
45
560
561
563
564
6713
5198
5199
5200
5201
5202
5203
5204
5205
5206
5207
5208
5209
5210
5211
5212
5213
5214
5215
5216
5217
5218
3178
3179
19841
145
1173
1174
1175
1176
1177
1178
1179
1180
1181
2719
2720
19824
2722
2723
2725
2726
11121
2728
2729
18913
18612
17780
5313
1732
1734
5328
1240
13026
1254
13036
13041
18676
18677
18678
18679
18680
1273
1274
1275
298
256
262
18306
274
18307
280
18308
286
18309
19746
292
16681
16682
1837
15694
15696
15697
15698
5160
19815
19816
19817
19818
19819
19820
19821
19822
19823
19825
19826
19827
19828
19829
19830
19831
19832
19833
19834
19835
19836
18302
18303
19847
2715
2716
2717
10674
15689
244
13245
15691
6086
15692
13047
15693
464
1272
15695
250
18912
18914
1002
1003
18930
18931
18933
13909
19971
1006
19466
19467
10772
10773
10774
6168
19290
33
34
35
5161
19500
19501
19502
19503
20019
20020
19806
54
56
60
19519
19520
4534
74
9618
17837
6234
17715
10085
5219
5220
5221
5222
5223
5224
5225
5226
5227
5228
5229
5230
5231
5232
2673
2674
5235
5236
5237
12918
5239
2682
12923
5238
19477
7299
13249
11885
1168
1171
1172
149
17838
153
17801
156
1221
7024
1222
5233
5234
1713
17771
8430
11969
11971
1220
11973
3782
1223
13514
8397
8398
8399
8400
8401
8402
8403
17807
1243
8412
1245
8414
8416
8417
8418
13027
13028
13029
13030
1255
1256
1257
1259
8428
13037
1262
13039
8432
8433
8434
8435
13044
13045
9462
9464
9465
9466
9467
9468
9469
9470
9471
9472
9473
1219
8968
8969
8970
8971
14617
19803
5840
19845
8415
8413
18150
10086
5430
1929
1247
16701
9024
11079
8520
7499
7500
19794
8419
13652
19797
19798
19799
19800
19801
19802
19855
19804
19805
15198
19807
19808
19809
19810
19811
19812
19813
19814
17809
17811
1731
7025
7026
7027
7028
19838
19839
13038
19842
19843
19844
5509
5510
17799
17800
1260
17802
17803
17804
17805
17806
8429
17808
19857
17810
19859
17812
17813
17814
17815
17816
17817
17818
8431
17820
17821
17822
17823
17824
17825
17826
17819
17828
17829
17830
9639
17832
17833
17834
17835
17836
5037
17839
8114
13043
8116
8117
8118
8119
8121
16315
13040
961
6087
458
13260
5583
17827
13277
13042
6625
6626
12922
19708
17831
19795
19444
19796
8115
19970
19465
18954
13911
18965
13913
20000
20001
20002
38
39
40
41
42
43
44
45
560
561
563
564
6713
5198
5199
5200
5201
5202
5203
5204
5205
5206
5207
5208
5209
5210
5211
5212
5213
5214
5215
5216
5217
5218
3178
3179
19841
145
1173
1174
1175
1176
1177
1178
1179
1180
1181
2719
2720
19824
2722
2723
2725
2726
11121
2728
2729
18913
18612
17780
5313
1732
1734
5328
1240
13026
1254
13036
13041
18676
18677
18678
18679
18680
1273
1274
1275
298
256
262
18306
274
18307
280
18308
286
18309
19746
292
16681
16682
1837
15694
15696
15697
15698
5160
19815
19816
19817
19818
19819
19820
19821
19822
19823
19825
19826
19827
19828
19829
19830
19831
19832
19833
19834
19835
19836
18302
18303
19847
2715
2716
2717
10674
15689
244
13245
15691
6086
15692
13047
15693
464
1272
15695
250
18912
18914
1002
1003
18930
18931
18933
13909
19971
1006
19466
19467
10772
10773
10774
6168
19290
33
34
35
5161
19500
19501
19502
19503
20019
20020
19806
54
56
60
19519
19520
4534
74
9618
17837
6234
17715
10085
5219
5220
5221
5222
5223
5224
5225
5226
5227
5228
5229
5230
5231
5232
2673
2674
5235
5236
5237
12918
5239
2682
12923
5238
19477
7299
13249
11885
1168
1171
1172
149
17838
153
17801
156
1221
7024
1222
5233
5234
1713
17771
8430
11969
11971
1220
11973
3782
1223
13514
8397
8398
8399
8400
8401
8402
8403
17807
1243
8412
1245
8414
8416
8417
8418
13027
13028
13029
13030
1255
1256
1257
1259
8428
13037
1262
13039
8432
8433
8434
8435
13044
13045
9462
9464
9465
9466
9467
9468
9469
9470
9471
9472
9473
1219
8968
8969
8970
8971
14617
19803
5840
19845
8415
8413
18150
10086
5430
1929
1247
16701
9024
11079
8520
7499
7500
19794
8419
13652
19797
19798
19799
19800
19801
19802
19855
19804
19805
15198
19807
19808
19809
19810
19811
19812
19813
19814
17809
17811
1731
7025
7026
7027
7028
19838
19839
13038
19842
19843
19844
5509
5510
17799
17800
1260
17802
17803
17804
17805
17806
8429
17808
19857
17810
19859
17812
17813
17814
17815
17816
17817
17818
8431
17820
17821
17822
17823
17824
17825
17826
17819
17828
17829
17830
9639
17832
17833
17834
17835
17836
5037
17839
8114
13043
8116
8117
8118
8119
8121
16315
13040
961
6087
458
13260
5583
17827
13277
13042
6625
6626
12922
19708
17831
19795
19444
19796
8115
19970
19465
18954
13911
18965
13913
20001
20002
38
39
40
41
42
43
44
45
560
561
563
564
6713
5198
5199
5200
5201
5202
5203
5204
5205
5206
5207
5208
5209
5210
5211
5212
5213
5214
5215
5216
5217
5218
3178
3179
145
1173
1174
1175
1176
1177
1178
1179
1180
1181
2719
2720
2722
2723
2725
2726
11121
2728
2729
17780
5313
1732
1734
5328
1240
13026
1254
13036
13041
244
18677
18678
18679
18680
1273
1274
1275
298
256
262
274
280
286
19746
292
16681
16682
1837
15689
15691
15692
15693
15694
15695
15696
15697
15698
5160
19815
19816
19817
19818
19819
19820
19821
19822
19823
19824
19825
19826
19827
19828
19829
19830
19831
19832
19833
19834
19835
19836
18302
18303
19841
18306
18307
18308
18309
19847
2715
2716
2717
10674
18676
13245
6086
13047
464
1272
250
18912
18913
18914
1002
1003
18930
18931
18933
13909
19971
19466
19467
10772
10773
10774
6168
19290
33
34
35
5161
19500
19501
19502
19503
19806
54
56
60
19519
19520
20036
4534
74
9618
17837
6234
10085
5219
5220
5221
5222
5223
5224
5225
5226
5227
5228
5229
5230
5231
5232
5233
5234
5235
5236
5237
12918
5239
2682
12923
5238
19477
7299
13249
11885
1168
1171
1172
149
153
17801
156
1221
1222
2673
2674
1713
17771
8430
11969
11971
1220
11973
3782
1223
13514
8397
8398
8399
8400
8401
8402
8403
17807
1243
8412
1245
8414
1247
8416
8417
8418
13027
13028
13029
13030
1255
1256
1257
1259
8428
13037
1262
13039
8432
8433
8434
8435
13044
13045
9462
9464
9465
9466
9467
9468
9469
9470
9471
9472
9473
1219
8968
8969
8970
8971
1731
14617
19803
5840
19845
8413
18150
10086
5430
1929
8415
16701
9024
11079
8520
7499
7500
19794
8419
13652
19797
19798
19799
19800
19801
19802
19855
19804
19805
15198
19807
19808
19809
19810
19811
19812
19813
19814
17809
17811
7024
7025
7026
7027
7028
19838
19839
13038
19842
19843
19844
5509
5510
17799
17800
1260
17802
17803
17804
17805
17806
8429
17808
19857
17810
19859
17812
17813
17814
17815
17816
17817
17818
8431
17820
17821
17822
17823
17824
17825
17826
17819
17828
17829
17830
9639
17832
17833
17834
17835
17836
5037
17838
17839
8114
13043
8116
8117
8118
8119
8121
16315
13040
961
6087
458
13260
5583
17827
13277
13042
6625
6626
12922
19708
17831
1006
19795
19444
19796
8115
19970
19465
18954
13911
18965
13913
20001
20002
38
39
40
41
42
43
44
45
560
561
563
564
6713
5198
5199
5200
5201
5202
5203
5204
5205
5206
5207
5208
5209
5210
5211
5212
5213
5214
5215
5216
5217
5218
3178
3179
145
1173
1174
1175
1176
1177
1178
1179
1180
1181
2719
2720
2722
2723
2725
2726
11121
2728
2729
17780
5313
1732
1734
5328
1240
13026
1254
13036
13041
244
18677
18678
18679
18680
1273
1274
1275
298
256
262
274
280
286
19746
292
16681
16682
1837
15689
15691
15692
15693
15694
15695
15696
15697
15698
5160
19815
19816
19817
19818
19819
19820
19821
19822
19823
19824
19825
19826
19827
19828
19829
19830
19831
19832
19833
19834
19835
19836
18302
18303
19841
18306
18307
18308
18309
19847
2715
2716
2717
10674
18676
13245
6086
13047
464
1272
250
18912
18913
18914
1002
1003
18930
18931
18933
13909
33
34
35
54
56
60
74
149
153
156
8397
8398
8399
8400
8401
8402
8412
8413
8414
8415
8416
8417
8418
8419
8428
8429
8430
8431
8432
8433
8434
8435
8520
17809
17810
17820
458
9639
17836
8968
8969
8970
8971
9024
1006
1168
1171
1172
1219
1220
1221
1222
1223
1243
1245
1247
1255
1256
1257
1259
1260
1262
8403
9462
9464
9465
9466
9467
9468
9470
9471
9472
9473
17771
17799
17800
17801
17802
17803
17804
17805
17806
17807
17808
9618
17811
17812
17813
17814
17815
17816
17817
17818
17819
17821
17822
17823
17824
17825
17826
17827
17828
17829
17830
17831
17832
17833
17834
17835
17837
17838
17839
1713
1731
18150
10085
10086
16701
1929
10772
10773
2673
2674
2682
11079
19444
19466
19467
19477
19500
19501
19502
19503
19519
19520
19708
19794
19795
19796
19797
19798
19799
19800
19801
19802
19803
19804
19805
19806
19807
19808
19809
19810
19811
19812
19813
19814
19838
19839
19842
19843
19844
19845
19855
19857
19859
19971
11885
11969
11971
11973
3782
961
4534
6234
12918
12922
12923
13027
13028
13029
13030
13037
13038
13039
13040
13042
13043
13044
13045
5037
13260
13277
5161
5219
5220
5221
5222
5223
5224
5225
5226
5227
5228
5229
5230
5231
5232
5233
5234
5235
5236
5237
5238
5239
13514
5430
13652
5509
5510
5583
13249
5840
6087
6168
14617
6625
6626
15198
7024
7025
7026
7027
7028
7299
10774
7499
7500
9469
8121
8114
8115
8116
8117
8118
8119
16315
19970
19465
18954
13911
18965
13913
20001
20002
38
39
40
41
42
43
44
45
560
561
563
564
6713
5198
5199
5200
5201
5202
5203
5204
5205
5206
5207
5208
5209
5210
5211
5212
5213
5214
5215
5216
5217
5218
3178
3179
145
1173
1174
1175
1176
1177
1178
1179
1180
1181
2719
2720
2722
2723
2725
2726
11121
2728
2729
17780
5313
1732
1734
5328
1240
13026
1254
13036
13041
244
18677
18678
18679
18680
1273
1274
1275
298
256
262
274
280
286
19746
292
16681
16682
1837
15689
15691
15692
15693
15694
15695
15696
15697
15698
5160
19815
19816
19817
19818
19819
19820
19821
19822
19823
19824
19825
19826
19827
19828
19829
19830
19831
19832
19833
19834
19835
19836
18302
18303
19841
18306
18307
18308
18309
19847
2715
2716
2717
10674
18676
13245
6086
13047
464
1272
250
18912
18913
1002
1003
18930
18931
18933
13909
33
34
35
54
56
60
74
149
153
156
8397
8398
8399
8400
8401
8402
8412
8413
8414
8415
8416
8417
8418
8419
8428
8429
8430
8431
8432
8433
8434
8435
8520
17809
17810
17820
458
9639
17836
8968
8969
8970
8971
9024
1006
1168
1171
1172
1219
1220
1221
1222
1223
1243
1245
1247
1255
1256
1257
1259
1260
1262
8403
9462
9464
9465
9466
9467
9468
9470
9471
9472
9473
17771
17799
17800
17801
17802
17803
17804
17805
17806
17807
17808
9618
17811
17812
17813
17814
17815
17816
17817
17818
17819
17821
17822
17823
17824
17825
17826
17827
17828
17829
17830
17831
17832
17833
17834
17835
17837
17838
17839
1713
1731
18150
10085
10086
16701
1929
10772
10773
2673
2674
2682
11079
19444
19466
19467
19477
19500
19501
19502
19503
19519
19520
19708
19794
19795
19796
19797
19798
19799
19800
19801
19802
19803
19804
19805
19806
19807
19808
19809
19810
19811
19812
19813
19814
19838
19839
19842
19843
19844
19845
19855
19857
19859
19971
11885
11969
11971
11973
3782
961
4534
6234
12918
12922
12923
13027
13028
13029
13030
13037
13038
13039
13040
13042
13043
13044
13045
5037
13260
13277
5161
5219
5220
5221
5222
5223
5224
5225
5226
5227
5228
5229
5230
5231
5232
5233
5234
5235
5236
5237
5238
5239
13514
5430
13652
5509
5510
5583
13249
5840
6087
6168
14617
6625
6626
15198
7024
7025
7026
7027
7028
7299
10774
7499
7500
9469
8121
8114
8115
8116
8117
8118
8119
16315
19970
19465
18954
13911
18965
13913
20001
20002
38
39
40
41
42
43
44
45
560
561
563
564
6713
5198
5199
5200
5201
5202
5203
5204
5205
5206
5207
5208
5209
5210
5211
5212
5213
5214
5215
5216
5217
5218
3178
3179
145
1173
1174
1175
1176
1177
1178
1179
1180
1181
2719
2720
2722
2723
2725
2726
11121
2728
2729
17780
5313
1732
1734
5328
1240
13026
1254
13036
13041
244
18677
18678
18679
18680
1273
1274
1275
298
256
262
274
280
286
19746
292
16681
16682
1837
15689
15691
15692
15693
15694
15695
15696
15697
15698
5160
19815
19816
19817
19818
19819
19820
19821
19822
19823
19824
19825
19826
19827
19828
19829
19830
19831
19832
19833
19834
19835
19836
18302
18303
19841
18306
18307
18308
18309
19847
2715
2716
2717
10674
13245
6086
13047
464
1272
250
18912
18913
1002
1003
18930
18931
18933
13909
33
34
35
54
56
60
74
149
153
156
8397
8398
8399
8400
8401
8402
8412
8413
8414
8415
8416
8417
8418
8419
8428
8429
8430
8431
8432
8433
8434
8435
8520
17809
17810
17820
458
9639
17836
8968
8969
8970
8971
9024
1006
1168
1171
1172
1219
1220
1221
1222
1223
1243
1245
1247
1255
1256
1257
1259
1260
1262
8403
9462
9464
9465
9466
9467
9468
9470
9471
9472
9473
17771
17799
17800
17801
17802
17803
17804
17805
17806
17807
17808
9618
17811
17812
17813
17814
17815
17816
17817
17818
17819
17821
17822
17823
17824
17825
17826
17827
17828
17829
17830
17831
17832
17833
17834
17835
17837
17838
17839
1713
1731
18150
10085
10086
16701
1929
10772
10773
2673
2674
2682
11079
19444
19466
19467
19477
19500
19501
19502
19503
19519
19520
19708
19794
19795
19796
19797
19798
19799
19800
19801
19802
19803
19804
19805
19806
19807
19808
19809
19810
19811
19812
19813
19814
19838
19839
19842
19843
19844
19845
19855
19857
19859
19971
11885
11969
11971
11973
3782
961
4534
6234
12918
12922
12923
13027
13028
13029
13030
13037
13038
13039
13040
13042
13043
13044
13045
5037
13260
13277
5161
5219
5220
5221
5222
5223
5224
5225
5226
5227
5228
5229
5230
5231
5232
5233
5234
5235
5236
5237
5238
5239
13514
5430
13652
5509
5510
5583
13249
5840
6087
6168
14617
6625
6626
15198
7024
7025
7026
7027
7028
7299
10774
7499
7500
9469
8121
8114
8115
8116
8117
8118
8119
16315
19970
19465
18954
13911
18965
13913
20001
20002
38
39
40
41
42
43
44
45
560
561
563
564
6713
5198
5199
5200
5201
5202
5203
5204
5205
5206
5207
5208
5209
5210
5211
5212
5213
5214
5215
5216
5217
5218
3178
3179
145
1173
1174
1175
1176
1177
1178
1179
1180
1181
2719
2720
2722
2723
2725
2726
11121
2728
2729
17780
5313
1732
1734
5328
1240
13026
1254
13036
13041
244
18677
18678
18679
18680
1273
1274
1275
298
256
262
274
280
286
19746
292
16681
16682
1837
15689
15691
15692
15693
15694
15695
15696
15697
15698
5160
19815
19816
19817
19818
19819
19820
19821
19822
19823
19824
19825
19826
19827
19828
19829
19830
19831
19832
19833
19834
19835
19836
18302
18303
19841
18307
18308
18309
19847
2715
2716
2717
10674
13245
6086
13047
464
1272
250
18912
18913
1002
1003
18933
13909
33
34
35
54
56
60
74
149
153
156
8397
8398
8399
8400
8401
8402
8412
8413
8414
8415
8416
8417
8418
8419
8428
8429
8430
8431
8432
8433
8434
8435
8520
17809
17810
17820
458
9639
17836
8968
8969
8970
8971
9024
1006
1168
1171
1172
1219
1220
1221
1222
1223
1243
1245
1247
1255
1256
1257
1259
1260
1262
8403
9462
9464
9465
9466
9467
9468
9470
9471
9472
9473
17771
17799
17800
17801
17802
17803
17804
17805
17806
17807
17808
9618
17811
17812
17813
17814
17815
17816
17817
17818
17819
17821
17822
17823
17824
17825
17826
17827
17828
17829
17830
17831
17832
17833
17834
17835
17837
17838
17839
1713
1731
18150
10085
10086
16701
1929
10772
10773
2673
2674
2682
11079
19444
19466
19467
19477
19500
19501
19502
19503
19519
19520
19708
19794
19795
19796
19797
19798
19799
19800
19801
19802
19803
19804
19805
19806
19807
19808
19809
19810
19811
19812
19813
19814
19839
19842
19843
19844
19845
19855
19857
19859
19971
11885
11969
11971
11973
3782
961
4534
6234
12918
12922
12923
13027
13028
13029
13030
13037
13038
13039
13040
13042
13043
13044
13045
5037
13260
13277
5161
5219
5220
5221
5222
5223
5224
5225
5226
5227
5228
5229
5230
5231
5232
5233
5234
5235
5236
5237
5238
5239
13514
5430
13652
5509
5510
5583
13249
5840
6087
6168
14617
6625
6626
15198
7024
7025
7026
7027
7028
7299
10774
7499
7500
9469
8121
8114
8115
8116
8117
8118
8119
16315
19970
19465
18954
13911
18965
13913
20001
20002
38
39
40
41
42
43
44
45
560
561
563
564
6713
5198
5199
5200
5201
5202
5203
5204
5205
5206
5207
5208
5209
5210
5211
5212
5213
5214
5215
5216
5217
5218
3178
3179
145
1173
1174
1175
1176
1177
1178
1179
1180
1181
2719
2720
2722
2723
2725
2726
11121
2728
2729
17780
5313
1732
1734
5328
1240
13026
1254
13036
13041
244
18677
18678
18679
18680
1273
1274
1275
298
256
262
274
280
286
19746
292
16681
16682
1837
15689
15691
15692
15693
15694
15695
15696
15697
15698
5160
19815
19816
19817
19818
19819
19820
19821
19822
19823
19824
19825
19826
19827
19828
19829
19830
19831
19832
19833
19834
19835
19836
18302
18303
19841
18307
18308
18309
19847
2715
2716
2717
10674
13245
6086
13047
464
1272
250
18912
18913
1002
1003
18933
13909
33
34
35
54
56
60
74
149
153
156
8397
8398
8399
8400
8401
8402
8412
8413
8414
8415
8416
8417
8418
8419
8428
8429
8430
8431
8432
8433
8434
8435
8520
17809
17810
17820
458
9639
17836
8968
8969
8970
8971
9024
1006
1168
1171
1172
1219
1220
1221
1222
1223
1243
1245
1247
1255
1256
1257
1259
1260
1262
8403
9462
9464
9465
9466
9467
9468
9470
9471
9472
9473
17771
17799
17800
17801
17802
17803
17804
17805
17806
17807
17808
9618
17811
17812
17813
17814
17815
17816
17817
17818
17819
17821
17822
17823
17824
17825
17826
17827
17828
17829
17830
17831
17832
17833
17834
17835
17837
17838
17839
1713
1731
18150
10085
10086
16701
1929
10772
10773
2673
2674
2682
11079
19444
19466
19467
19477
19500
19501
19502
19503
19519
19520
19708
19794
19795
19796
19797
19798
19799
19800
19801
19802
19803
19804
19805
19806
19807
19808
19809
19810
19811
19812
19813
19814
19839
19842
19843
19844
19845
19855
19857
19859
19971
11885
11969
11971
11973
3782
961
4534
6234
12918
12922
12923
13027
13028
13029
13030
13037
13038
13039
13040
13042
13043
13044
13045
5037
13260
13277
5161
5219
5220
5221
5222
5223
5224
5225
5226
5227
5228
5229
5230
5231
5232
5233
5234
5235
5236
5237
5238
5239
13514
5430
13652
5509
5510
5583
13249
5840
6087
6168
14617
6625
6626
15198
7024
7025
7026
7027
7028
7299
10774
7499
7500
9469
8121
8114
8115
8116
8117
8118
8119
16315
19970
19465
18954
13911
18965
13913
20001
20002
38
39
40
41
42
43
44
45
560
561
563
564
6713
5198
5199
5200
5201
5202
5203
5204
5205
5206
5207
5208
5209
5210
5211
5212
5213
5214
5215
5216
5217
5218
3178
3179
145
1173
1174
1175
1176
1177
1178
1179
1180
1181
2719
2720
2722
2723
2725
2726
11121
2728
2729
17780
5313
1732
1734
5328
1240
13026
1254
13036
13041
244
18677
18678
18679
18680
1273
1274
1275
298
256
262
274
280
286
19746
292
16681
16682
1837
15689
15691
15692
15693
15694
15695
15696
15697
15698
5160
19815
19816
19817
19818
19819
19820
19821
19822
19823
19824
19825
19826
19827
19828
19829
19830
19831
19832
19833
19834
19835
19836
18302
18303
19841
18307
18308
18309
19847
2715
2716
2717
10674
13245
6086
13047
464
1272
250
18912
18913
1002
1003
18933
13909
33
34
35
54
56
60
74
149
153
156
8397
8398
8399
8400
8401
8402
8412
8413
8414
8415
8416
8417
8418
8419
8428
8429
8430
8431
8432
8433
8434
8435
8520
17809
17810
17820
458
9639
17836
8968
8969
8970
8971
9024
1006
1168
1171
1172
1219
1220
1221
1222
1223
1243
1245
1247
1255
1256
1257
1259
1260
1262
8403
9462
9464
9465
9466
9467
9468
9470
9471
9472
9473
17771
17799
17800
17801
17802
17803
17804
17805
17806
17807
17808
9618
17811
17812
17813
17814
17815
17816
17817
17818
17819
17821
17822
17823
17824
17825
17826
17827
17828
17829
17830
17831
17832
17833
17834
17835
17837
17838
17839
1713
1731
18150
10085
10086
16701
1929
10772
10773
2673
2674
2682
11079
19444
19466
19467
19477
19500
19501
19502
19503
19519
19520
19708
19794
19795
19796
19797
19798
19799
19800
19801
19802
19803
19804
19805
19806
19807
19808
19809
19810
19811
19812
19813
19814
19839
19842
19843
19844
19845
19855
19857
19859
19971
20073
11885
11969
11971
11973
3782
961
4534
6234
12918
12922
12923
13027
13028
13029
13030
13037
13038
13039
13040
13042
13043
13044
13045
5037
13260
13277
5161
5219
5220
5221
5222
5223
5224
5225
5226
5227
5228
5229
5230
5231
5232
5233
5234
5235
5236
5237
5238
5239
13514
5430
13652
5509
5510
5583
13249
5840
6087
6168
14617
6625
6626
15198
7024
7025
7026
7027
7028
7299
10774
7499
7500
9469
8121
8114
8115
8116
8117
8118
8119
16315
19970
19465
18954
13911
18965
13913
20001
20002
38
39
40
41
42
43
44
45
560
561
563
564
6713
5198
5199
5200
5201
5202
5203
5204
5205
5206
5207
5208
5209
5210
5211
5212
5213
5214
5215
5216
5217
5218
3178
3179
145
1173
1174
1175
1176
1177
1178
1179
1180
1181
2719
2720
2722
2723
2725
2726
11121
2728
2729
17780
5313
1732
1734
5328
1240
13026
1254
13036
13041
244
18677
18678
18679
18680
1273
1274
1275
298
256
262
274
280
286
292
16681
16682
1837
15689
15691
15692
15693
15694
15695
15696
15697
15698
5160
19815
19816
19817
19818
19819
19820
19821
19822
19823
19824
19825
19826
19827
19828
19829
19830
19831
19832
19833
19834
19835
19836
18302
18303
19841
18307
18308
18309
19847
2715
2716
2717
10674
13245
6086
13047
464
1272
250
18913
1002
1003
18933
13909
33
34
35
54
56
60
74
149
153
156
8397
8398
8399
8400
8401
8402
8412
8413
8414
8415
8416
8417
8418
8419
8428
8429
8430
8431
8432
8433
8434
8435
8520
17809
17810
17820
458
9639
17836
8968
8969
8970
8971
9024
1006
1168
1171
1172
1219
1220
1221
1222
1223
1243
1245
1247
1255
1256
1257
1259
1260
1262
8403
9462
9464
9465
9466
9467
9468
9470
9471
9472
9473
17771
17799
17800
17801
17802
17803
17804
17805
17806
17807
17808
9618
17811
17812
17813
17814
17815
17816
17817
17818
17819
17821
17822
17823
17824
17825
17826
17827
17828
17829
17830
17831
17832
17833
17834
17835
17837
17838
17839
1713
1731
18150
10085
10086
16701
1929
10772
10773
2673
2674
2682
11079
19444
19466
19467
19477
19500
19501
19502
19503
19519
19520
19708
19794
19795
19796
19797
19798
19799
19800
19801
19802
19803
19804
19805
19806
19807
19808
19809
19810
19811
19812
19813
19814
19839
19842
19843
19844
19845
19855
19857
19859
19971
20073
11885
11969
11971
11973
3782
961
4534
6234
12918
12922
12923
13027
13028
13029
13030
13037
13038
13039
13040
13042
13043
13044
13045
5037
13260
13277
5161
5219
5220
5221
5222
5223
5224
5225
5226
5227
5228
5229
5230
5231
5232
5233
5234
5235
5236
5237
5238
5239
13514
5430
13652
5509
5510
5583
13249
5840
6087
6168
14617
6625
6626
15198
7024
7025
7026
7027
7028
7299
10774
7499
7500
9469
8121
8114
8115
8116
8117
8118
8119
16315
19970
19465
18954
13911
18965
13913
20001
20002
38
39
40
41
42
43
44
45
560
561
563
564
6713
5198
5199
5200
5201
5202
5203
5204
5205
5206
5207
5208
5209
5210
5211
5212
5213
5214
5215
5216
5217
5218
3178
3179
145
1173
1174
1175
1176
1177
1178
1179
1180
1181
2719
2720
2722
2723
2725
2726
11121
2728
2729
17780
5313
1732
1734
5328
1240
13026
1254
13036
13041
244
18677
18678
18679
18680
1273
1274
1275
298
256
262
274
280
286
292
16682
1837
15689
15691
15692
15693
15694
15695
15696
15697
15698
5160
19815
19816
19817
19818
19819
19820
19821
19822
19823
19824
19825
19826
19827
19828
19829
19830
19831
19832
19833
19834
19835
18302
18303
19841
18307
18308
18309
19847
2715
2716
2717
10674
13245
6086
13047
464
1272
250
18913
1002
1003
18933
13909
33
34
35
54
56
60
74
149
153
156
8397
8398
8399
8400
8401
8402
8412
8413
8414
8415
8416
8417
8418
8419
8428
8429
8430
8431
8432
8433
8434
8435
8520
17809
17810
17820
458
9639
17836
8968
8969
8970
8971
9024
1006
1168
1171
1172
1219
1220
1221
1222
1223
1243
1245
1247
1255
1256
1257
1259
1260
1262
8403
9462
9464
9465
9466
9467
9468
9470
9471
9472
9473
17771
17799
17800
17801
17802
17803
17804
17805
17806
17807
17808
9618
17811
17812
17813
17814
17815
17816
17817
17818
17819
17821
17822
17823
17824
17825
17826
17827
17828
17829
17830
17831
17832
17833
17834
17835
17837
17838
17839
1713
1731
18150
10085
10086
16701
1929
10772
10773
2673
2674
2682
11079
19444
19466
19467
19477
19500
19501
19502
19503
19519
19520
19708
19794
19795
19796
19797
19798
19799
19800
19801
19802
19803
19804
19805
19806
19807
19808
19809
19810
19811
19812
19813
19814
19839
19842
19843
19844
19845
19855
19857
19859
19971
20073
11885
20080
11969
11971
11973
3782
961
4534
6234
12918
12922
12923
13027
13028
13029
13030
13037
13038
13039
13040
13042
13043
13044
13045
5037
13260
13277
5161
5219
5220
5221
5222
5223
5224
5225
5226
5227
5228
5229
5230
5231
5232
5233
5234
5235
5236
5237
5238
5239
13514
5430
13652
5509
5510
5583
13249
5840
6087
6168
14617
6625
6626
15198
7024
7025
7026
7027
7028
7299
10774
7499
7500
9469
8121
8114
8115
8116
8117
8118
8119
16315
19970
19465
18954
13911
18965
13913
20001
20002
38
39
40
41
42
43
44
45
560
561
563
564
6713
5198
5199
5200
5201
5202
5203
5204
5205
5206
5207
5208
5209
5210
5211
5212
5213
5214
5215
5216
5217
5218
3178
3179
145
1173
1174
1175
1176
1177
1178
1179
1180
1181
2719
2720
2722
2723
2725
2726
11121
2728
2729
17780
5313
1732
1734
5328
1240
13026
1254
13036
13041
244
18677
18678
18679
18680
1273
1274
1275
298
256
262
274
280
286
292
16682
1837
15689
15691
15692
15693
15694
15695
15696
15697
15698
5160
19815
19816
19817
19818
19819
19820
19821
19822
19823
19824
19825
19826
19827
19828
19829
19830
19831
19832
19833
19834
19835
18302
18303
19841
18307
18308
18309
19847
2715
2716
2717
10674
13245
6086
13047
464
1272
250
18913
1002
1003
18933
13909
33
34
35
54
56
60
74
149
153
156
8397
8398
8399
8400
8401
8402
8412
8413
8414
8415
8416
8417
8418
8419
8428
8429
8430
8431
8432
8433
8434
8435
8520
17809
17810
17820
458
9639
17836
8968
8969
8970
8971
9024
1006
1168
1171
1172
1219
1220
1221
1222
1223
1243
1245
1247
1255
1256
1257
1259
1260
1262
8403
9462
9464
9465
9466
9467
9468
9470
9471
9472
9473
17771
17799
17800
17801
17802
17803
17804
17805
17806
17807
17808
9618
17811
17812
17813
17814
17815
17816
17817
17818
17819
17821
17822
17823
17824
17825
17826
17827
17828
17829
17830
17831
17832
17833
17834
17835
17837
17838
17839
1713
1731
18150
10085
10086
16701
1929
10772
10773
2673
2674
2682
11079
19444
19466
19467
19477
19500
19501
19502
19503
19519
19520
19708
19794
19795
19796
19797
19798
19799
19800
19801
19802
19803
19804
19805
19806
19807
19808
19809
19810
19811
19812
19813
19814
19839
19842
19843
19844
19845
19855
19857
19859
19971
20073
11885
20080
11969
11971
11973
3782
961
4534
6234
12918
12922
12923
13027
13028
13029
13030
13037
13038
13039
13040
13042
13043
13044
13045
5037
13260
13277
5161
5219
5220
5221
5222
5223
5224
5225
5226
5227
5228
5229
5230
5231
5232
5233
5234
5235
5236
5237
5238
5239
13514
5430
13652
5509
5510
5583
13249
5840
6087
6168
14617
6625
6626
15198
7024
7025
7026
7027
7028
7299
10774
7499
7500
9469
8121
8114
8115
8116
8117
8118
8119
16315
19970
19465
18954
13911
18965
13913
20001
20002
38
39
40
41
42
43
44
45
560
561
563
564
6713
5198
5199
5200
5201
5202
5203
5204
5205
5206
5207
5208
5209
5210
5211
5212
5213
5214
5215
5216
5217
5218
3178
3179
145
1173
1174
1175
1176
1177
1178
1179
1180
1181
2719
2720
2722
2723
2725
2726
11121
2728
2729
17780
5313
1732
1734
5328
1240
13026
1254
13036
13041
244
18677
18678
18679
18680
1273
1274
1275
298
256
262
274
280
286
292
16682
1837
15689
15691
15692
15693
15694
15695
15696
15697
15698
5160
19815
19816
19817
19818
19819
19820
19821
19822
19823
19824
19825
19826
19827
19828
19829
19830
19831
19832
19833
19834
19835
18302
18303
19841
18307
18308
18309
19847
2715
2716
2717
10674
13245
6086
13047
464
1272
250
18913
1002
1003
18933
13909
33
34
35
54
56
60
74
149
153
156
8397
8398
8399
8400
8401
8402
8412
8413
8414
8415
8416
8417
8418
8419
8428
8429
8430
8431
8432
8433
8434
8435
8520
17809
17810
17820
458
9639
17836
8968
8969
8970
8971
9024
1006
1168
1171
1172
1219
1220
1221
1222
1223
1243
1245
1247
1255
1256
1257
1259
1260
1262
8403
9462
9464
9465
9466
9467
9468
9470
9471
9472
9473
17771
17799
17800
17801
17802
17803
17804
17805
17806
17807
17808
9618
17811
17812
17813
17814
17815
17816
17817
17818
17819
17821
17822
17823
17824
17825
17826
17827
17828
17829
17830
17831
17832
17833
17834
17835
17837
17838
17839
1713
1731
18150
10085
10086
16701
1929
10772
10773
2673
2674
2682
11079
19444
19466
19467
19477
19500
19501
19502
19503
19519
19520
19708
19794
19795
19796
19797
19798
19799
19800
19801
19802
19803
19804
19805
19806
19807
19808
19809
19810
19811
19812
19813
19814
19839
19842
19843
19844
19845
19855
19857
19859
19971
11885
20084
11969
11971
11973
3782
961
4534
6234
12918
12922
12923
13027
13028
13029
13030
13037
13038
13039
13040
13042
13043
13044
13045
5037
13260
13277
5161
5219
5220
5221
5222
5223
5224
5225
5226
5227
5228
5229
5230
5231
5232
5233
5234
5235
5236
5237
5238
5239
13514
5430
13652
5509
5510
5583
13249
5840
6087
6168
14617
6625
6626
15198
7024
7025
7026
7027
7028
7299
10774
7499
7500
9469
8121
8114
8115
8116
8117
8118
8119
16315
19970
19465
18954
13911
18965
13913
20001
20002
38
39
40
41
42
43
44
45
560
561
563
564
6713
5198
5199
5200
5201
5202
5203
5204
5205
5206
5207
5208
5209
5210
5211
5212
5213
5214
5215
5216
5217
5218
3178
3179
145
1173
1174
1175
1176
1177
1178
1179
1180
1181
2719
2720
2722
2723
2725
2726
11121
2728
2729
17780
5313
1732
1734
5328
1240
13026
1254
13036
13041
244
18677
18678
18679
18680
1273
1274
1275
298
256
262
274
280
286
292
16682
1837
15689
15691
15692
15693
15694
15695
15696
15697
15698
5160
19815
19816
19817
19818
19819
19820
19821
19822
19823
19824
19825
19826
19827
19828
19829
19830
19831
19832
19833
19834
19835
18303
19841
18307
18308
18309
2715
2716
2717
10674
13245
6086
13047
464
1272
250
18913
1002
1003
18933
13909
33
34
35
54
56
60
74
149
153
156
8397
8398
8399
8400
8401
8402
8412
8413
8414
8415
8416
8417
8418
8419
8428
8429
8430
8431
8432
8433
8434
8435
8520
17809
17810
17820
458
9639
17836
8968
8969
8970
8971
9024
1006
1168
1171
1172
1219
1220
1221
1222
1223
1243
1245
1247
1255
1256
1257
1259
1260
1262
8403
9462
9464
9465
9466
9467
9468
9470
9471
9472
9473
17771
17799
17800
17801
17802
17803
17804
17805
17806
17807
17808
9618
17811
17812
17813
17814
17815
17816
17817
17818
17819
17821
17822
17823
17824
17825
17826
17827
17828
17829
17830
17831
17832
17833
17834
17835
17837
17838
17839
1713
1731
18150
10085
10086
16701
1929
10772
10773
2673
2674
2682
11079
19444
19466
19467
19477
19500
19501
19502
19503
19519
19520
19708
19794
19795
19796
19797
19798
19799
19800
19801
19802
19803
19804
19805
19806
19807
19808
19809
19810
19811
19812
19813
19814
19839
19842
19843
19844
19845
19855
19857
19859
19971
11885
20084
11969
11971
11973
3782
961
4534
6234
12918
12922
12923
13027
13028
13029
13030
13037
13038
13039
13040
13042
13043
13044
13045
5037
13260
13277
5161
5219
5220
5221
5222
5223
5224
5225
5226
5227
5228
5229
5230
5231
5232
5233
5234
5235
5236
5237
5238
5239
13514
5430
13652
5509
5510
5583
13249
5840
6087
6168
14617
6625
6626
15198
7024
7025
7026
7027
7028
7299
10774
7499
7500
9469
8121
8114
8115
8116
8117
8118
8119
16315
